# Blender v2.92.0 OBJ File: 'cinémoche.blend'
# www.blender.org
mtllib cinémoche.mtl
o Screen_Cube
v 0.028372 8.810009 6.620018
v 0.028372 8.810009 -6.620018
v 0.028372 2.189991 6.620018
v 0.028372 2.189991 -6.620018
v -0.028372 8.810009 6.620018
v -0.028372 8.810009 -6.620018
v -0.028372 2.189991 6.620018
v -0.028372 2.189991 -6.620018
vt 0.625000 0.500000
vt 0.875000 0.500000
vt 0.875000 0.750000
vt 0.625000 0.750000
vt 0.375000 0.750000
vt 0.625000 1.000000
vt 0.375000 1.000000
vt 0.375000 0.000000
vt 0.625000 0.000000
vt 0.625000 0.250000
vt 0.375000 0.250000
vt 0.125000 0.500000
vt 0.375000 0.500000
vt 0.125000 0.750000
vn 0.0000 0.0000 1.0000
vn 0.0000 -1.0000 -0.0000
vn -1.0000 0.0000 0.0000
vn 0.0000 0.0000 -1.0000
vn 1.0000 0.0000 0.0000
vn 0.0000 1.0000 0.0000
usemtl Material
s off
f 1/1/1 5/2/1 7/3/1 3/4/1
f 4/5/2 3/4/2 7/6/2 8/7/2
f 8/8/3 7/9/3 5/10/3 6/11/3
f 6/12/4 2/13/4 4/5/4 8/14/4
f 2/13/5 1/1/5 3/4/5 4/5/5
f 6/11/6 5/10/6 1/1/6 2/13/6
o Cube_Cube.147
v -24.607635 9.067996 0.990037
v -24.420834 9.971545 0.990037
v -24.607635 9.067996 -0.893405
v -24.420834 9.971545 -0.893405
v -20.058086 8.281673 0.681655
v -19.932455 8.889340 0.681655
v -20.058086 8.281673 -0.585023
v -19.932455 8.889340 -0.585023
v -19.901871 9.037282 -0.893405
v -20.088673 8.133733 -0.893405
v -20.088673 8.133733 0.990037
v -19.901871 9.037282 0.990037
v -24.559420 9.845933 -0.585023
v -24.685051 9.238265 -0.585023
v -24.685051 9.238265 0.681655
v -24.559420 9.845933 0.681655
vt 0.375000 0.000000
vt 0.625000 0.000000
vt 0.625000 0.250000
vt 0.375000 0.250000
vt 0.625000 0.500000
vt 0.375000 0.500000
vt 0.415933 0.709067
vt 0.415933 0.540933
vt 0.415933 0.540933
vt 0.415933 0.709067
vt 0.375000 0.750000
vt 0.625000 0.750000
vt 0.625000 1.000000
vt 0.375000 1.000000
vt 0.125000 0.500000
vt 0.125000 0.750000
vt 0.875000 0.500000
vt 0.875000 0.750000
vt 0.584067 0.540933
vt 0.584067 0.709067
vt 0.584067 0.709067
vt 0.584067 0.540933
vn -0.9793 0.2025 0.0000
vn 0.0000 0.0000 -1.0000
vn 0.2025 0.9793 0.0000
vn 0.0000 0.0000 1.0000
vn -0.2025 -0.9793 0.0000
vn 0.9793 -0.2025 -0.0000
usemtl None
s off
f 9/15/7 10/16/7 12/17/7 11/18/7
f 11/18/8 12/17/8 17/19/8 18/20/8
f 13/21/9 15/22/9 22/23/9 23/24/9
f 19/25/10 20/26/10 10/27/10 9/28/10
f 11/29/11 18/20/11 19/25/11 9/30/11
f 17/19/9 12/31/9 10/32/9 20/26/9
f 16/33/12 15/22/12 18/20/12 17/19/12
f 15/22/12 13/21/12 19/25/12 18/20/12
f 14/34/12 16/33/12 17/19/12 20/26/12
f 13/21/12 14/34/12 20/26/12 19/25/12
f 16/33/11 14/34/11 24/35/11 21/36/11
f 15/22/10 16/33/10 21/36/10 22/23/10
f 14/34/8 13/21/8 23/24/8 24/35/8
o BackZone.012_Cube.008
v -7.410625 2.261540 1.483705
v -7.410625 0.987217 1.483705
v -7.381876 2.261540 0.654140
v -7.381876 0.987217 0.654140
v -7.317152 2.261540 1.486944
v -7.317152 0.987217 1.486944
v -7.288404 2.261540 0.657379
v -7.288404 0.987217 0.657379
vt 0.625000 0.500000
vt 0.875000 0.500000
vt 0.875000 0.750000
vt 0.625000 0.750000
vt 0.375000 0.750000
vt 0.625000 1.000000
vt 0.375000 1.000000
vt 0.375000 0.000000
vt 0.625000 0.000000
vt 0.625000 0.250000
vt 0.375000 0.250000
vt 0.125000 0.500000
vt 0.375000 0.500000
vt 0.125000 0.750000
vn 0.0000 1.0000 0.0000
vn 0.0346 0.0000 -0.9994
vn 0.9994 0.0000 0.0346
vn 0.0000 -1.0000 0.0000
vn -0.9994 0.0000 -0.0346
vn -0.0346 0.0000 0.9994
usemtl Material.008
s off
f 25/37/13 29/38/13 31/39/13 27/40/13
f 28/41/14 27/40/14 31/42/14 32/43/14
f 32/44/15 31/45/15 29/46/15 30/47/15
f 30/48/16 26/49/16 28/41/16 32/50/16
f 26/49/17 25/37/17 27/40/17 28/41/17
f 30/47/18 29/46/18 25/37/18 26/49/18
o Feet.049_Cube.001
v -6.740126 1.047712 0.823620
v -6.740126 -0.004481 0.823620
v -6.734862 1.047712 0.671728
v -6.734862 -0.004481 0.671728
v -6.588233 1.047712 0.828884
v -6.588233 -0.004481 0.828884
v -6.582970 1.047712 0.676991
v -6.582970 -0.004481 0.676991
vt 0.625000 0.500000
vt 0.875000 0.500000
vt 0.875000 0.750000
vt 0.625000 0.750000
vt 0.375000 0.750000
vt 0.625000 1.000000
vt 0.375000 1.000000
vt 0.375000 0.000000
vt 0.625000 0.000000
vt 0.625000 0.250000
vt 0.375000 0.250000
vt 0.125000 0.500000
vt 0.375000 0.500000
vt 0.125000 0.750000
vn 0.0000 1.0000 0.0000
vn 0.0346 0.0000 -0.9994
vn 0.9994 0.0000 0.0346
vn 0.0000 -1.0000 0.0000
vn -0.9994 0.0000 -0.0346
vn -0.0346 0.0000 0.9994
usemtl Material.001
s off
f 33/51/19 37/52/19 39/53/19 35/54/19
f 36/55/20 35/54/20 39/56/20 40/57/20
f 40/58/21 39/59/21 37/60/21 38/61/21
f 38/62/22 34/63/22 36/55/22 40/64/22
f 34/63/23 33/51/23 35/54/23 36/55/23
f 38/61/24 37/60/24 33/51/24 34/63/24
o Feet.050_Cube.003
v -6.764120 1.047712 1.516002
v -6.764120 -0.004481 1.516002
v -6.758856 1.047712 1.364109
v -6.758856 -0.004481 1.364109
v -6.612228 1.047712 1.521265
v -6.612228 -0.004481 1.521265
v -6.606964 1.047712 1.369373
v -6.606964 -0.004481 1.369373
vt 0.625000 0.500000
vt 0.875000 0.500000
vt 0.875000 0.750000
vt 0.625000 0.750000
vt 0.375000 0.750000
vt 0.625000 1.000000
vt 0.375000 1.000000
vt 0.375000 0.000000
vt 0.625000 0.000000
vt 0.625000 0.250000
vt 0.375000 0.250000
vt 0.125000 0.500000
vt 0.375000 0.500000
vt 0.125000 0.750000
vn 0.0000 1.0000 0.0000
vn 0.0346 0.0000 -0.9994
vn 0.9994 0.0000 0.0346
vn 0.0000 -1.0000 0.0000
vn -0.9994 0.0000 -0.0346
vn -0.0346 0.0000 0.9994
usemtl Material.003
s off
f 41/65/25 45/66/25 47/67/25 43/68/25
f 44/69/26 43/68/26 47/70/26 48/71/26
f 48/72/27 47/73/27 45/74/27 46/75/27
f 46/76/28 42/77/28 44/69/28 48/78/28
f 42/77/29 41/65/29 43/68/29 44/69/29
f 46/75/30 45/74/30 41/65/30 42/77/30
o Feet.051_Cube.004
v -7.416668 1.047712 1.493387
v -7.416668 -0.004481 1.493387
v -7.411404 1.047712 1.341495
v -7.411404 -0.004481 1.341495
v -7.264776 1.047712 1.498651
v -7.264776 -0.004481 1.498651
v -7.259512 1.047712 1.346759
v -7.259512 -0.004481 1.346759
vt 0.625000 0.500000
vt 0.875000 0.500000
vt 0.875000 0.750000
vt 0.625000 0.750000
vt 0.375000 0.750000
vt 0.625000 1.000000
vt 0.375000 1.000000
vt 0.375000 0.000000
vt 0.625000 0.000000
vt 0.625000 0.250000
vt 0.375000 0.250000
vt 0.125000 0.500000
vt 0.375000 0.500000
vt 0.125000 0.750000
vn 0.0000 1.0000 0.0000
vn 0.0346 0.0000 -0.9994
vn 0.9994 0.0000 0.0346
vn 0.0000 -1.0000 0.0000
vn -0.9994 0.0000 -0.0346
vn -0.0346 0.0000 0.9994
usemtl Material.004
s off
f 49/79/31 53/80/31 55/81/31 51/82/31
f 52/83/32 51/82/32 55/84/32 56/85/32
f 56/86/33 55/87/33 53/88/33 54/89/33
f 54/90/34 50/91/34 52/83/34 56/92/34
f 50/91/35 49/79/35 51/82/35 52/83/35
f 54/89/36 53/88/36 49/79/36 50/91/36
o Feet.052_Cube.005
v -7.392673 1.047712 0.801006
v -7.392673 -0.004481 0.801006
v -7.387410 1.047712 0.649114
v -7.387410 -0.004481 0.649114
v -7.240781 1.047712 0.806270
v -7.240781 -0.004481 0.806270
v -7.235518 1.047712 0.654377
v -7.235518 -0.004481 0.654377
vt 0.625000 0.500000
vt 0.875000 0.500000
vt 0.875000 0.750000
vt 0.625000 0.750000
vt 0.375000 0.750000
vt 0.625000 1.000000
vt 0.375000 1.000000
vt 0.375000 0.000000
vt 0.625000 0.000000
vt 0.625000 0.250000
vt 0.375000 0.250000
vt 0.125000 0.500000
vt 0.375000 0.500000
vt 0.125000 0.750000
vn 0.0000 1.0000 0.0000
vn 0.0346 0.0000 -0.9994
vn 0.9994 0.0000 0.0346
vn 0.0000 -1.0000 0.0000
vn -0.9994 0.0000 -0.0346
vn -0.0346 0.0000 0.9994
usemtl Material.005
s off
f 57/93/37 61/94/37 63/95/37 59/96/37
f 60/97/38 59/96/38 63/98/38 64/99/38
f 64/100/39 63/101/39 61/102/39 62/103/39
f 62/104/40 58/105/40 60/97/40 64/106/40
f 58/105/41 57/93/41 59/96/41 60/97/41
f 62/103/42 61/102/42 57/93/42 58/105/42
o SitZone.012_Cube.007
v -7.415223 1.063602 1.483546
v -7.415223 0.958383 1.483546
v -7.386475 1.063602 0.653980
v -7.386475 0.958383 0.653980
v -6.620709 1.063602 1.511080
v -6.620709 0.958383 1.511080
v -6.591961 1.063602 0.681514
v -6.591961 0.958383 0.681514
vt 0.625000 0.500000
vt 0.875000 0.500000
vt 0.875000 0.750000
vt 0.625000 0.750000
vt 0.375000 0.750000
vt 0.625000 1.000000
vt 0.375000 1.000000
vt 0.375000 0.000000
vt 0.625000 0.000000
vt 0.625000 0.250000
vt 0.375000 0.250000
vt 0.125000 0.500000
vt 0.375000 0.500000
vt 0.125000 0.750000
vn 0.0000 1.0000 0.0000
vn 0.0346 0.0000 -0.9994
vn 0.9994 0.0000 0.0346
vn 0.0000 -1.0000 0.0000
vn -0.9994 0.0000 -0.0346
vn -0.0346 0.0000 0.9994
usemtl Material.007
s off
f 65/107/43 69/108/43 71/109/43 67/110/43
f 68/111/44 67/110/44 71/112/44 72/113/44
f 72/114/45 71/115/45 69/116/45 70/117/45
f 70/118/46 66/119/46 68/111/46 72/120/46
f 66/119/47 65/107/47 67/110/47 68/111/47
f 70/117/48 69/116/48 65/107/48 66/119/48
o BackZone.013_Cube.009
v -7.410625 2.261540 2.485429
v -7.410625 0.987217 2.485429
v -7.381876 2.261540 1.655863
v -7.381876 0.987217 1.655863
v -7.317152 2.261540 2.488668
v -7.317152 0.987217 2.488668
v -7.288404 2.261540 1.659102
v -7.288404 0.987217 1.659102
vt 0.625000 0.500000
vt 0.875000 0.500000
vt 0.875000 0.750000
vt 0.625000 0.750000
vt 0.375000 0.750000
vt 0.625000 1.000000
vt 0.375000 1.000000
vt 0.375000 0.000000
vt 0.625000 0.000000
vt 0.625000 0.250000
vt 0.375000 0.250000
vt 0.125000 0.500000
vt 0.375000 0.500000
vt 0.125000 0.750000
vn 0.0000 1.0000 0.0000
vn 0.0346 0.0000 -0.9994
vn 0.9994 0.0000 0.0346
vn 0.0000 -1.0000 0.0000
vn -0.9994 0.0000 -0.0346
vn -0.0346 0.0000 0.9994
usemtl Material.009
s off
f 73/121/49 77/122/49 79/123/49 75/124/49
f 76/125/50 75/124/50 79/126/50 80/127/50
f 80/128/51 79/129/51 77/130/51 78/131/51
f 78/132/52 74/133/52 76/125/52 80/134/52
f 74/133/53 73/121/53 75/124/53 76/125/53
f 78/131/54 77/130/54 73/121/54 74/133/54
o Feet.053_Cube.011
v -7.392673 1.047712 1.802730
v -7.392673 -0.004481 1.802730
v -7.387410 1.047712 1.650837
v -7.387410 -0.004481 1.650837
v -7.240781 1.047712 1.807994
v -7.240781 -0.004481 1.807994
v -7.235518 1.047712 1.656101
v -7.235518 -0.004481 1.656101
vt 0.625000 0.500000
vt 0.875000 0.500000
vt 0.875000 0.750000
vt 0.625000 0.750000
vt 0.375000 0.750000
vt 0.625000 1.000000
vt 0.375000 1.000000
vt 0.375000 0.000000
vt 0.625000 0.000000
vt 0.625000 0.250000
vt 0.375000 0.250000
vt 0.125000 0.500000
vt 0.375000 0.500000
vt 0.125000 0.750000
vn 0.0000 1.0000 0.0000
vn 0.0346 0.0000 -0.9994
vn 0.9994 0.0000 0.0346
vn 0.0000 -1.0000 0.0000
vn -0.9994 0.0000 -0.0346
vn -0.0346 0.0000 0.9994
usemtl Material.011
s off
f 81/135/55 85/136/55 87/137/55 83/138/55
f 84/139/56 83/138/56 87/140/56 88/141/56
f 88/142/57 87/143/57 85/144/57 86/145/57
f 86/146/58 82/147/58 84/139/58 88/148/58
f 82/147/59 81/135/59 83/138/59 84/139/59
f 86/145/60 85/144/60 81/135/60 82/147/60
o Feet.054_Cube.012
v -7.416668 1.047712 2.495111
v -7.416668 -0.004481 2.495111
v -7.411404 1.047712 2.343219
v -7.411404 -0.004481 2.343219
v -7.264776 1.047712 2.500375
v -7.264776 -0.004481 2.500375
v -7.259512 1.047712 2.348483
v -7.259512 -0.004481 2.348483
vt 0.625000 0.500000
vt 0.875000 0.500000
vt 0.875000 0.750000
vt 0.625000 0.750000
vt 0.375000 0.750000
vt 0.625000 1.000000
vt 0.375000 1.000000
vt 0.375000 0.000000
vt 0.625000 0.000000
vt 0.625000 0.250000
vt 0.375000 0.250000
vt 0.125000 0.500000
vt 0.375000 0.500000
vt 0.125000 0.750000
vn 0.0000 1.0000 0.0000
vn 0.0346 0.0000 -0.9994
vn 0.9994 0.0000 0.0346
vn 0.0000 -1.0000 0.0000
vn -0.9994 0.0000 -0.0346
vn -0.0346 0.0000 0.9994
usemtl Material.012
s off
f 89/149/61 93/150/61 95/151/61 91/152/61
f 92/153/62 91/152/62 95/154/62 96/155/62
f 96/156/63 95/157/63 93/158/63 94/159/63
f 94/160/64 90/161/64 92/153/64 96/162/64
f 90/161/65 89/149/65 91/152/65 92/153/65
f 94/159/66 93/158/66 89/149/66 90/161/66
o Feet.055_Cube.013
v -6.764120 1.047712 2.517725
v -6.764120 -0.004481 2.517725
v -6.758856 1.047712 2.365833
v -6.758856 -0.004481 2.365833
v -6.612228 1.047712 2.522989
v -6.612228 -0.004481 2.522989
v -6.606964 1.047712 2.371097
v -6.606964 -0.004481 2.371097
vt 0.625000 0.500000
vt 0.875000 0.500000
vt 0.875000 0.750000
vt 0.625000 0.750000
vt 0.375000 0.750000
vt 0.625000 1.000000
vt 0.375000 1.000000
vt 0.375000 0.000000
vt 0.625000 0.000000
vt 0.625000 0.250000
vt 0.375000 0.250000
vt 0.125000 0.500000
vt 0.375000 0.500000
vt 0.125000 0.750000
vn 0.0000 1.0000 0.0000
vn 0.0346 0.0000 -0.9994
vn 0.9994 0.0000 0.0346
vn 0.0000 -1.0000 0.0000
vn -0.9994 0.0000 -0.0346
vn -0.0346 0.0000 0.9994
usemtl Material.013
s off
f 97/163/67 101/164/67 103/165/67 99/166/67
f 100/167/68 99/166/68 103/168/68 104/169/68
f 104/170/69 103/171/69 101/172/69 102/173/69
f 102/174/70 98/175/70 100/167/70 104/176/70
f 98/175/71 97/163/71 99/166/71 100/167/71
f 102/173/72 101/172/72 97/163/72 98/175/72
o Feet.056_Cube.014
v -6.740126 1.047712 1.825344
v -6.740126 -0.004481 1.825344
v -6.734862 1.047712 1.673451
v -6.734862 -0.004481 1.673451
v -6.588233 1.047712 1.830608
v -6.588233 -0.004481 1.830608
v -6.582970 1.047712 1.678715
v -6.582970 -0.004481 1.678715
vt 0.625000 0.500000
vt 0.875000 0.500000
vt 0.875000 0.750000
vt 0.625000 0.750000
vt 0.375000 0.750000
vt 0.625000 1.000000
vt 0.375000 1.000000
vt 0.375000 0.000000
vt 0.625000 0.000000
vt 0.625000 0.250000
vt 0.375000 0.250000
vt 0.125000 0.500000
vt 0.375000 0.500000
vt 0.125000 0.750000
vn 0.0000 1.0000 0.0000
vn 0.0346 0.0000 -0.9994
vn 0.9994 0.0000 0.0346
vn 0.0000 -1.0000 0.0000
vn -0.9994 0.0000 -0.0346
vn -0.0346 0.0000 0.9994
usemtl Material.014
s off
f 105/177/73 109/178/73 111/179/73 107/180/73
f 108/181/74 107/180/74 111/182/74 112/183/74
f 112/184/75 111/185/75 109/186/75 110/187/75
f 110/188/76 106/189/76 108/181/76 112/190/76
f 106/189/77 105/177/77 107/180/77 108/181/77
f 110/187/78 109/186/78 105/177/78 106/189/78
o SitZone.013_Cube.010
v -7.415223 1.063602 2.485270
v -7.415223 0.958383 2.485270
v -7.386475 1.063602 1.655704
v -7.386475 0.958383 1.655704
v -6.620709 1.063602 2.512803
v -6.620709 0.958383 2.512803
v -6.591961 1.063602 1.683238
v -6.591961 0.958383 1.683238
vt 0.625000 0.500000
vt 0.875000 0.500000
vt 0.875000 0.750000
vt 0.625000 0.750000
vt 0.375000 0.750000
vt 0.625000 1.000000
vt 0.375000 1.000000
vt 0.375000 0.000000
vt 0.625000 0.000000
vt 0.625000 0.250000
vt 0.375000 0.250000
vt 0.125000 0.500000
vt 0.375000 0.500000
vt 0.125000 0.750000
vn 0.0000 1.0000 0.0000
vn 0.0346 0.0000 -0.9994
vn 0.9994 0.0000 0.0346
vn 0.0000 -1.0000 0.0000
vn -0.9994 0.0000 -0.0346
vn -0.0346 0.0000 0.9994
usemtl Material.010
s off
f 113/191/79 117/192/79 119/193/79 115/194/79
f 116/195/80 115/194/80 119/196/80 120/197/80
f 120/198/81 119/199/81 117/200/81 118/201/81
f 118/202/82 114/203/82 116/195/82 120/204/82
f 114/203/83 113/191/83 115/194/83 116/195/83
f 118/201/84 117/200/84 113/191/84 114/203/84
o BackZone.014_Cube.020
v -7.410625 2.261540 3.481570
v -7.410625 0.987217 3.481570
v -7.381876 2.261540 2.652005
v -7.381876 0.987217 2.652005
v -7.317152 2.261540 3.484810
v -7.317152 0.987217 3.484810
v -7.288404 2.261540 2.655244
v -7.288404 0.987217 2.655244
vt 0.625000 0.500000
vt 0.875000 0.500000
vt 0.875000 0.750000
vt 0.625000 0.750000
vt 0.375000 0.750000
vt 0.625000 1.000000
vt 0.375000 1.000000
vt 0.375000 0.000000
vt 0.625000 0.000000
vt 0.625000 0.250000
vt 0.375000 0.250000
vt 0.125000 0.500000
vt 0.375000 0.500000
vt 0.125000 0.750000
vn 0.0000 1.0000 0.0000
vn 0.0346 0.0000 -0.9994
vn 0.9994 0.0000 0.0346
vn 0.0000 -1.0000 0.0000
vn -0.9994 0.0000 -0.0346
vn -0.0346 0.0000 0.9994
usemtl Material.020
s off
f 121/205/85 125/206/85 127/207/85 123/208/85
f 124/209/86 123/208/86 127/210/86 128/211/86
f 128/212/87 127/213/87 125/214/87 126/215/87
f 126/216/88 122/217/88 124/209/88 128/218/88
f 122/217/89 121/205/89 123/208/89 124/209/89
f 126/215/90 125/214/90 121/205/90 122/217/90
o Feet.057_Cube.016
v -7.392673 1.047712 2.798871
v -7.392673 -0.004481 2.798871
v -7.387410 1.047712 2.646979
v -7.387410 -0.004481 2.646979
v -7.240781 1.047712 2.804135
v -7.240781 -0.004481 2.804135
v -7.235518 1.047712 2.652243
v -7.235518 -0.004481 2.652243
vt 0.625000 0.500000
vt 0.875000 0.500000
vt 0.875000 0.750000
vt 0.625000 0.750000
vt 0.375000 0.750000
vt 0.625000 1.000000
vt 0.375000 1.000000
vt 0.375000 0.000000
vt 0.625000 0.000000
vt 0.625000 0.250000
vt 0.375000 0.250000
vt 0.125000 0.500000
vt 0.375000 0.500000
vt 0.125000 0.750000
vn 0.0000 1.0000 0.0000
vn 0.0346 0.0000 -0.9994
vn 0.9994 0.0000 0.0346
vn 0.0000 -1.0000 0.0000
vn -0.9994 0.0000 -0.0346
vn -0.0346 0.0000 0.9994
usemtl Material.016
s off
f 129/219/91 133/220/91 135/221/91 131/222/91
f 132/223/92 131/222/92 135/224/92 136/225/92
f 136/226/93 135/227/93 133/228/93 134/229/93
f 134/230/94 130/231/94 132/223/94 136/232/94
f 130/231/95 129/219/95 131/222/95 132/223/95
f 134/229/96 133/228/96 129/219/96 130/231/96
o Feet.058_Cube.017
v -7.416668 1.047712 3.491253
v -7.416668 -0.004481 3.491253
v -7.411404 1.047712 3.339360
v -7.411404 -0.004481 3.339360
v -7.264776 1.047712 3.496517
v -7.264776 -0.004481 3.496517
v -7.259512 1.047712 3.344624
v -7.259512 -0.004481 3.344624
vt 0.625000 0.500000
vt 0.875000 0.500000
vt 0.875000 0.750000
vt 0.625000 0.750000
vt 0.375000 0.750000
vt 0.625000 1.000000
vt 0.375000 1.000000
vt 0.375000 0.000000
vt 0.625000 0.000000
vt 0.625000 0.250000
vt 0.375000 0.250000
vt 0.125000 0.500000
vt 0.375000 0.500000
vt 0.125000 0.750000
vn 0.0000 1.0000 0.0000
vn 0.0346 0.0000 -0.9994
vn 0.9994 0.0000 0.0346
vn 0.0000 -1.0000 0.0000
vn -0.9994 0.0000 -0.0346
vn -0.0346 0.0000 0.9994
usemtl Material.017
s off
f 137/233/97 141/234/97 143/235/97 139/236/97
f 140/237/98 139/236/98 143/238/98 144/239/98
f 144/240/99 143/241/99 141/242/99 142/243/99
f 142/244/100 138/245/100 140/237/100 144/246/100
f 138/245/101 137/233/101 139/236/101 140/237/101
f 142/243/102 141/242/102 137/233/102 138/245/102
o Feet.059_Cube.018
v -6.764120 1.047712 3.513867
v -6.764120 -0.004481 3.513867
v -6.758856 1.047712 3.361974
v -6.758856 -0.004481 3.361974
v -6.612228 1.047712 3.519131
v -6.612228 -0.004481 3.519131
v -6.606964 1.047712 3.367238
v -6.606964 -0.004481 3.367238
vt 0.625000 0.500000
vt 0.875000 0.500000
vt 0.875000 0.750000
vt 0.625000 0.750000
vt 0.375000 0.750000
vt 0.625000 1.000000
vt 0.375000 1.000000
vt 0.375000 0.000000
vt 0.625000 0.000000
vt 0.625000 0.250000
vt 0.375000 0.250000
vt 0.125000 0.500000
vt 0.375000 0.500000
vt 0.125000 0.750000
vn 0.0000 1.0000 0.0000
vn 0.0346 0.0000 -0.9994
vn 0.9994 0.0000 0.0346
vn 0.0000 -1.0000 0.0000
vn -0.9994 0.0000 -0.0346
vn -0.0346 0.0000 0.9994
usemtl Material.018
s off
f 145/247/103 149/248/103 151/249/103 147/250/103
f 148/251/104 147/250/104 151/252/104 152/253/104
f 152/254/105 151/255/105 149/256/105 150/257/105
f 150/258/106 146/259/106 148/251/106 152/260/106
f 146/259/107 145/247/107 147/250/107 148/251/107
f 150/257/108 149/256/108 145/247/108 146/259/108
o Feet.060_Cube.019
v -6.740126 1.047712 2.821485
v -6.740126 -0.004481 2.821485
v -6.734862 1.047712 2.669593
v -6.734862 -0.004481 2.669593
v -6.588233 1.047712 2.826749
v -6.588233 -0.004481 2.826749
v -6.582970 1.047712 2.674857
v -6.582970 -0.004481 2.674857
vt 0.625000 0.500000
vt 0.875000 0.500000
vt 0.875000 0.750000
vt 0.625000 0.750000
vt 0.375000 0.750000
vt 0.625000 1.000000
vt 0.375000 1.000000
vt 0.375000 0.000000
vt 0.625000 0.000000
vt 0.625000 0.250000
vt 0.375000 0.250000
vt 0.125000 0.500000
vt 0.375000 0.500000
vt 0.125000 0.750000
vn 0.0000 1.0000 0.0000
vn 0.0346 0.0000 -0.9994
vn 0.9994 0.0000 0.0346
vn 0.0000 -1.0000 0.0000
vn -0.9994 0.0000 -0.0346
vn -0.0346 0.0000 0.9994
usemtl Material.019
s off
f 153/261/109 157/262/109 159/263/109 155/264/109
f 156/265/110 155/264/110 159/266/110 160/267/110
f 160/268/111 159/269/111 157/270/111 158/271/111
f 158/272/112 154/273/112 156/265/112 160/274/112
f 154/273/113 153/261/113 155/264/113 156/265/113
f 158/271/114 157/270/114 153/261/114 154/273/114
o SitZone.014_Cube.015
v -7.415223 1.063602 3.481411
v -7.415223 0.958383 3.481411
v -7.386475 1.063602 2.651845
v -7.386475 0.958383 2.651845
v -6.620709 1.063602 3.508945
v -6.620709 0.958383 3.508945
v -6.591961 1.063602 2.679379
v -6.591961 0.958383 2.679379
vt 0.625000 0.500000
vt 0.875000 0.500000
vt 0.875000 0.750000
vt 0.625000 0.750000
vt 0.375000 0.750000
vt 0.625000 1.000000
vt 0.375000 1.000000
vt 0.375000 0.000000
vt 0.625000 0.000000
vt 0.625000 0.250000
vt 0.375000 0.250000
vt 0.125000 0.500000
vt 0.375000 0.500000
vt 0.125000 0.750000
vn 0.0000 1.0000 0.0000
vn 0.0346 0.0000 -0.9994
vn 0.9994 0.0000 0.0346
vn 0.0000 -1.0000 0.0000
vn -0.9994 0.0000 -0.0346
vn -0.0346 0.0000 0.9994
usemtl Material.015
s off
f 161/275/115 165/276/115 167/277/115 163/278/115
f 164/279/116 163/278/116 167/280/116 168/281/116
f 168/282/117 167/283/117 165/284/117 166/285/117
f 166/286/118 162/287/118 164/279/118 168/288/118
f 162/287/119 161/275/119 163/278/119 164/279/119
f 166/285/120 165/284/120 161/275/120 162/287/120
o BackZone.015_Cube.026
v -7.410625 2.261540 4.554578
v -7.410625 0.987217 4.554578
v -7.381876 2.261540 3.725012
v -7.381876 0.987217 3.725012
v -7.317152 2.261540 4.557817
v -7.317152 0.987217 4.557817
v -7.288404 2.261540 3.728251
v -7.288404 0.987217 3.728251
vt 0.625000 0.500000
vt 0.875000 0.500000
vt 0.875000 0.750000
vt 0.625000 0.750000
vt 0.375000 0.750000
vt 0.625000 1.000000
vt 0.375000 1.000000
vt 0.375000 0.000000
vt 0.625000 0.000000
vt 0.625000 0.250000
vt 0.375000 0.250000
vt 0.125000 0.500000
vt 0.375000 0.500000
vt 0.125000 0.750000
vn 0.0000 1.0000 0.0000
vn 0.0346 0.0000 -0.9994
vn 0.9994 0.0000 0.0346
vn 0.0000 -1.0000 0.0000
vn -0.9994 0.0000 -0.0346
vn -0.0346 0.0000 0.9994
usemtl Material.026
s off
f 169/289/121 173/290/121 175/291/121 171/292/121
f 172/293/122 171/292/122 175/294/122 176/295/122
f 176/296/123 175/297/123 173/298/123 174/299/123
f 174/300/124 170/301/124 172/293/124 176/302/124
f 170/301/125 169/289/125 171/292/125 172/293/125
f 174/299/126 173/298/126 169/289/126 170/301/126
o Feet.061_Cube.022
v -6.740126 1.047712 3.894493
v -6.740126 -0.004481 3.894493
v -6.734862 1.047712 3.742600
v -6.734862 -0.004481 3.742600
v -6.588233 1.047712 3.899757
v -6.588233 -0.004481 3.899757
v -6.582970 1.047712 3.747864
v -6.582970 -0.004481 3.747864
vt 0.625000 0.500000
vt 0.875000 0.500000
vt 0.875000 0.750000
vt 0.625000 0.750000
vt 0.375000 0.750000
vt 0.625000 1.000000
vt 0.375000 1.000000
vt 0.375000 0.000000
vt 0.625000 0.000000
vt 0.625000 0.250000
vt 0.375000 0.250000
vt 0.125000 0.500000
vt 0.375000 0.500000
vt 0.125000 0.750000
vn 0.0000 1.0000 0.0000
vn 0.0346 0.0000 -0.9994
vn 0.9994 0.0000 0.0346
vn 0.0000 -1.0000 0.0000
vn -0.9994 0.0000 -0.0346
vn -0.0346 0.0000 0.9994
usemtl Material.022
s off
f 177/303/127 181/304/127 183/305/127 179/306/127
f 180/307/128 179/306/128 183/308/128 184/309/128
f 184/310/129 183/311/129 181/312/129 182/313/129
f 182/314/130 178/315/130 180/307/130 184/316/130
f 178/315/131 177/303/131 179/306/131 180/307/131
f 182/313/132 181/312/132 177/303/132 178/315/132
o Feet.062_Cube.023
v -6.764120 1.047712 4.586874
v -6.764120 -0.004481 4.586874
v -6.758856 1.047712 4.434982
v -6.758856 -0.004481 4.434982
v -6.612228 1.047712 4.592138
v -6.612228 -0.004481 4.592138
v -6.606964 1.047712 4.440246
v -6.606964 -0.004481 4.440246
vt 0.625000 0.500000
vt 0.875000 0.500000
vt 0.875000 0.750000
vt 0.625000 0.750000
vt 0.375000 0.750000
vt 0.625000 1.000000
vt 0.375000 1.000000
vt 0.375000 0.000000
vt 0.625000 0.000000
vt 0.625000 0.250000
vt 0.375000 0.250000
vt 0.125000 0.500000
vt 0.375000 0.500000
vt 0.125000 0.750000
vn 0.0000 1.0000 0.0000
vn 0.0346 0.0000 -0.9994
vn 0.9994 0.0000 0.0346
vn 0.0000 -1.0000 0.0000
vn -0.9994 0.0000 -0.0346
vn -0.0346 0.0000 0.9994
usemtl Material.023
s off
f 185/317/133 189/318/133 191/319/133 187/320/133
f 188/321/134 187/320/134 191/322/134 192/323/134
f 192/324/135 191/325/135 189/326/135 190/327/135
f 190/328/136 186/329/136 188/321/136 192/330/136
f 186/329/137 185/317/137 187/320/137 188/321/137
f 190/327/138 189/326/138 185/317/138 186/329/138
o Feet.063_Cube.024
v -7.416668 1.047712 4.564260
v -7.416668 -0.004481 4.564260
v -7.411404 1.047712 4.412368
v -7.411404 -0.004481 4.412368
v -7.264776 1.047712 4.569524
v -7.264776 -0.004481 4.569524
v -7.259512 1.047712 4.417632
v -7.259512 -0.004481 4.417632
vt 0.625000 0.500000
vt 0.875000 0.500000
vt 0.875000 0.750000
vt 0.625000 0.750000
vt 0.375000 0.750000
vt 0.625000 1.000000
vt 0.375000 1.000000
vt 0.375000 0.000000
vt 0.625000 0.000000
vt 0.625000 0.250000
vt 0.375000 0.250000
vt 0.125000 0.500000
vt 0.375000 0.500000
vt 0.125000 0.750000
vn 0.0000 1.0000 0.0000
vn 0.0346 0.0000 -0.9994
vn 0.9994 0.0000 0.0346
vn 0.0000 -1.0000 0.0000
vn -0.9994 0.0000 -0.0346
vn -0.0346 0.0000 0.9994
usemtl Material.024
s off
f 193/331/139 197/332/139 199/333/139 195/334/139
f 196/335/140 195/334/140 199/336/140 200/337/140
f 200/338/141 199/339/141 197/340/141 198/341/141
f 198/342/142 194/343/142 196/335/142 200/344/142
f 194/343/143 193/331/143 195/334/143 196/335/143
f 198/341/144 197/340/144 193/331/144 194/343/144
o Feet.064_Cube.025
v -7.392673 1.047712 3.871879
v -7.392673 -0.004481 3.871879
v -7.387410 1.047712 3.719986
v -7.387410 -0.004481 3.719986
v -7.240781 1.047712 3.877143
v -7.240781 -0.004481 3.877143
v -7.235518 1.047712 3.725250
v -7.235518 -0.004481 3.725250
vt 0.625000 0.500000
vt 0.875000 0.500000
vt 0.875000 0.750000
vt 0.625000 0.750000
vt 0.375000 0.750000
vt 0.625000 1.000000
vt 0.375000 1.000000
vt 0.375000 0.000000
vt 0.625000 0.000000
vt 0.625000 0.250000
vt 0.375000 0.250000
vt 0.125000 0.500000
vt 0.375000 0.500000
vt 0.125000 0.750000
vn 0.0000 1.0000 0.0000
vn 0.0346 0.0000 -0.9994
vn 0.9994 0.0000 0.0346
vn 0.0000 -1.0000 0.0000
vn -0.9994 0.0000 -0.0346
vn -0.0346 0.0000 0.9994
usemtl Material.025
s off
f 201/345/145 205/346/145 207/347/145 203/348/145
f 204/349/146 203/348/146 207/350/146 208/351/146
f 208/352/147 207/353/147 205/354/147 206/355/147
f 206/356/148 202/357/148 204/349/148 208/358/148
f 202/357/149 201/345/149 203/348/149 204/349/149
f 206/355/150 205/354/150 201/345/150 202/357/150
o SitZone.015_Cube.021
v -7.415223 1.063602 4.554418
v -7.415223 0.958383 4.554418
v -7.386475 1.063602 3.724853
v -7.386475 0.958383 3.724853
v -6.620709 1.063602 4.581952
v -6.620709 0.958383 4.581952
v -6.591961 1.063602 3.752386
v -6.591961 0.958383 3.752386
vt 0.625000 0.500000
vt 0.875000 0.500000
vt 0.875000 0.750000
vt 0.625000 0.750000
vt 0.375000 0.750000
vt 0.625000 1.000000
vt 0.375000 1.000000
vt 0.375000 0.000000
vt 0.625000 0.000000
vt 0.625000 0.250000
vt 0.375000 0.250000
vt 0.125000 0.500000
vt 0.375000 0.500000
vt 0.125000 0.750000
vn 0.0000 1.0000 0.0000
vn 0.0346 0.0000 -0.9994
vn 0.9994 0.0000 0.0346
vn 0.0000 -1.0000 0.0000
vn -0.9994 0.0000 -0.0346
vn -0.0346 0.0000 0.9994
usemtl Material.021
s off
f 209/359/151 213/360/151 215/361/151 211/362/151
f 212/363/152 211/362/152 215/364/152 216/365/152
f 216/366/153 215/367/153 213/368/153 214/369/153
f 214/370/154 210/371/154 212/363/154 216/372/154
f 210/371/155 209/359/155 211/362/155 212/363/155
f 214/369/156 213/368/156 209/359/156 210/371/156
o BackZone.016_Cube.032
v -7.410625 2.261540 5.637491
v -7.410625 0.987217 5.637491
v -7.381876 2.261540 4.807925
v -7.381876 0.987217 4.807925
v -7.317152 2.261540 5.640730
v -7.317152 0.987217 5.640730
v -7.288404 2.261540 4.811164
v -7.288404 0.987217 4.811164
vt 0.625000 0.500000
vt 0.875000 0.500000
vt 0.875000 0.750000
vt 0.625000 0.750000
vt 0.375000 0.750000
vt 0.625000 1.000000
vt 0.375000 1.000000
vt 0.375000 0.000000
vt 0.625000 0.000000
vt 0.625000 0.250000
vt 0.375000 0.250000
vt 0.125000 0.500000
vt 0.375000 0.500000
vt 0.125000 0.750000
vn 0.0000 1.0000 0.0000
vn 0.0346 0.0000 -0.9994
vn 0.9994 0.0000 0.0346
vn 0.0000 -1.0000 0.0000
vn -0.9994 0.0000 -0.0346
vn -0.0346 0.0000 0.9994
usemtl Material.032
s off
f 217/373/157 221/374/157 223/375/157 219/376/157
f 220/377/158 219/376/158 223/378/158 224/379/158
f 224/380/159 223/381/159 221/382/159 222/383/159
f 222/384/160 218/385/160 220/377/160 224/386/160
f 218/385/161 217/373/161 219/376/161 220/377/161
f 222/383/162 221/382/162 217/373/162 218/385/162
o Feet.065_Cube.028
v -7.392673 1.047712 4.954792
v -7.392673 -0.004481 4.954792
v -7.387410 1.047712 4.802899
v -7.387410 -0.004481 4.802899
v -7.240781 1.047712 4.960055
v -7.240781 -0.004481 4.960055
v -7.235518 1.047712 4.808163
v -7.235518 -0.004481 4.808163
vt 0.625000 0.500000
vt 0.875000 0.500000
vt 0.875000 0.750000
vt 0.625000 0.750000
vt 0.375000 0.750000
vt 0.625000 1.000000
vt 0.375000 1.000000
vt 0.375000 0.000000
vt 0.625000 0.000000
vt 0.625000 0.250000
vt 0.375000 0.250000
vt 0.125000 0.500000
vt 0.375000 0.500000
vt 0.125000 0.750000
vn 0.0000 1.0000 0.0000
vn 0.0346 0.0000 -0.9994
vn 0.9994 0.0000 0.0346
vn 0.0000 -1.0000 0.0000
vn -0.9994 0.0000 -0.0346
vn -0.0346 0.0000 0.9994
usemtl Material.028
s off
f 225/387/163 229/388/163 231/389/163 227/390/163
f 228/391/164 227/390/164 231/392/164 232/393/164
f 232/394/165 231/395/165 229/396/165 230/397/165
f 230/398/166 226/399/166 228/391/166 232/400/166
f 226/399/167 225/387/167 227/390/167 228/391/167
f 230/397/168 229/396/168 225/387/168 226/399/168
o Feet.066_Cube.029
v -7.416668 1.047712 5.647173
v -7.416668 -0.004481 5.647173
v -7.411404 1.047712 5.495281
v -7.411404 -0.004481 5.495281
v -7.264776 1.047712 5.652437
v -7.264776 -0.004481 5.652437
v -7.259512 1.047712 5.500545
v -7.259512 -0.004481 5.500545
vt 0.625000 0.500000
vt 0.875000 0.500000
vt 0.875000 0.750000
vt 0.625000 0.750000
vt 0.375000 0.750000
vt 0.625000 1.000000
vt 0.375000 1.000000
vt 0.375000 0.000000
vt 0.625000 0.000000
vt 0.625000 0.250000
vt 0.375000 0.250000
vt 0.125000 0.500000
vt 0.375000 0.500000
vt 0.125000 0.750000
vn 0.0000 1.0000 0.0000
vn 0.0346 0.0000 -0.9994
vn 0.9994 0.0000 0.0346
vn 0.0000 -1.0000 0.0000
vn -0.9994 0.0000 -0.0346
vn -0.0346 0.0000 0.9994
usemtl Material.029
s off
f 233/401/169 237/402/169 239/403/169 235/404/169
f 236/405/170 235/404/170 239/406/170 240/407/170
f 240/408/171 239/409/171 237/410/171 238/411/171
f 238/412/172 234/413/172 236/405/172 240/414/172
f 234/413/173 233/401/173 235/404/173 236/405/173
f 238/411/174 237/410/174 233/401/174 234/413/174
o Feet.067_Cube.030
v -6.764120 1.047712 5.669787
v -6.764120 -0.004481 5.669787
v -6.758856 1.047712 5.517895
v -6.758856 -0.004481 5.517895
v -6.612228 1.047712 5.675051
v -6.612228 -0.004481 5.675051
v -6.606964 1.047712 5.523159
v -6.606964 -0.004481 5.523159
vt 0.625000 0.500000
vt 0.875000 0.500000
vt 0.875000 0.750000
vt 0.625000 0.750000
vt 0.375000 0.750000
vt 0.625000 1.000000
vt 0.375000 1.000000
vt 0.375000 0.000000
vt 0.625000 0.000000
vt 0.625000 0.250000
vt 0.375000 0.250000
vt 0.125000 0.500000
vt 0.375000 0.500000
vt 0.125000 0.750000
vn 0.0000 1.0000 0.0000
vn 0.0346 0.0000 -0.9994
vn 0.9994 0.0000 0.0346
vn 0.0000 -1.0000 0.0000
vn -0.9994 0.0000 -0.0346
vn -0.0346 0.0000 0.9994
usemtl Material.030
s off
f 241/415/175 245/416/175 247/417/175 243/418/175
f 244/419/176 243/418/176 247/420/176 248/421/176
f 248/422/177 247/423/177 245/424/177 246/425/177
f 246/426/178 242/427/178 244/419/178 248/428/178
f 242/427/179 241/415/179 243/418/179 244/419/179
f 246/425/180 245/424/180 241/415/180 242/427/180
o Feet.068_Cube.031
v -6.740126 1.047712 4.977406
v -6.740126 -0.004481 4.977406
v -6.734862 1.047712 4.825513
v -6.734862 -0.004481 4.825513
v -6.588233 1.047712 4.982669
v -6.588233 -0.004481 4.982669
v -6.582970 1.047712 4.830777
v -6.582970 -0.004481 4.830777
vt 0.625000 0.500000
vt 0.875000 0.500000
vt 0.875000 0.750000
vt 0.625000 0.750000
vt 0.375000 0.750000
vt 0.625000 1.000000
vt 0.375000 1.000000
vt 0.375000 0.000000
vt 0.625000 0.000000
vt 0.625000 0.250000
vt 0.375000 0.250000
vt 0.125000 0.500000
vt 0.375000 0.500000
vt 0.125000 0.750000
vn 0.0000 1.0000 0.0000
vn 0.0346 0.0000 -0.9994
vn 0.9994 0.0000 0.0346
vn 0.0000 -1.0000 0.0000
vn -0.9994 0.0000 -0.0346
vn -0.0346 0.0000 0.9994
usemtl Material.031
s off
f 249/429/181 253/430/181 255/431/181 251/432/181
f 252/433/182 251/432/182 255/434/182 256/435/182
f 256/436/183 255/437/183 253/438/183 254/439/183
f 254/440/184 250/441/184 252/433/184 256/442/184
f 250/441/185 249/429/185 251/432/185 252/433/185
f 254/439/186 253/438/186 249/429/186 250/441/186
o SitZone.016_Cube.027
v -7.415223 1.063602 5.637331
v -7.415223 0.958383 5.637331
v -7.386475 1.063602 4.807765
v -7.386475 0.958383 4.807765
v -6.620709 1.063602 5.664865
v -6.620709 0.958383 5.664865
v -6.591961 1.063602 4.835299
v -6.591961 0.958383 4.835299
vt 0.625000 0.500000
vt 0.875000 0.500000
vt 0.875000 0.750000
vt 0.625000 0.750000
vt 0.375000 0.750000
vt 0.625000 1.000000
vt 0.375000 1.000000
vt 0.375000 0.000000
vt 0.625000 0.000000
vt 0.625000 0.250000
vt 0.375000 0.250000
vt 0.125000 0.500000
vt 0.375000 0.500000
vt 0.125000 0.750000
vn 0.0000 1.0000 0.0000
vn 0.0346 0.0000 -0.9994
vn 0.9994 0.0000 0.0346
vn 0.0000 -1.0000 0.0000
vn -0.9994 0.0000 -0.0346
vn -0.0346 0.0000 0.9994
usemtl Material.027
s off
f 257/443/187 261/444/187 263/445/187 259/446/187
f 260/447/188 259/446/188 263/448/188 264/449/188
f 264/450/189 263/451/189 261/452/189 262/453/189
f 262/454/190 258/455/190 260/447/190 264/456/190
f 258/455/191 257/443/191 259/446/191 260/447/191
f 262/453/192 261/452/192 257/443/192 258/455/192
o BackZone.017_Cube.038
v -7.410625 2.261540 6.672028
v -7.410625 0.987217 6.672028
v -7.381876 2.261540 5.842462
v -7.381876 0.987217 5.842462
v -7.317152 2.261540 6.675267
v -7.317152 0.987217 6.675267
v -7.288404 2.261540 5.845701
v -7.288404 0.987217 5.845701
vt 0.625000 0.500000
vt 0.875000 0.500000
vt 0.875000 0.750000
vt 0.625000 0.750000
vt 0.375000 0.750000
vt 0.625000 1.000000
vt 0.375000 1.000000
vt 0.375000 0.000000
vt 0.625000 0.000000
vt 0.625000 0.250000
vt 0.375000 0.250000
vt 0.125000 0.500000
vt 0.375000 0.500000
vt 0.125000 0.750000
vn 0.0000 1.0000 0.0000
vn 0.0346 0.0000 -0.9994
vn 0.9994 0.0000 0.0346
vn 0.0000 -1.0000 0.0000
vn -0.9994 0.0000 -0.0346
vn -0.0346 0.0000 0.9994
usemtl Material.038
s off
f 265/457/193 269/458/193 271/459/193 267/460/193
f 268/461/194 267/460/194 271/462/194 272/463/194
f 272/464/195 271/465/195 269/466/195 270/467/195
f 270/468/196 266/469/196 268/461/196 272/470/196
f 266/469/197 265/457/197 267/460/197 268/461/197
f 270/467/198 269/466/198 265/457/198 266/469/198
o Feet.069_Cube.034
v -6.740126 1.047712 6.011942
v -6.740126 -0.004481 6.011942
v -6.734862 1.047712 5.860050
v -6.734862 -0.004481 5.860050
v -6.588233 1.047712 6.017206
v -6.588233 -0.004481 6.017206
v -6.582970 1.047712 5.865314
v -6.582970 -0.004481 5.865314
vt 0.625000 0.500000
vt 0.875000 0.500000
vt 0.875000 0.750000
vt 0.625000 0.750000
vt 0.375000 0.750000
vt 0.625000 1.000000
vt 0.375000 1.000000
vt 0.375000 0.000000
vt 0.625000 0.000000
vt 0.625000 0.250000
vt 0.375000 0.250000
vt 0.125000 0.500000
vt 0.375000 0.500000
vt 0.125000 0.750000
vn 0.0000 1.0000 0.0000
vn 0.0346 0.0000 -0.9994
vn 0.9994 0.0000 0.0346
vn 0.0000 -1.0000 0.0000
vn -0.9994 0.0000 -0.0346
vn -0.0346 0.0000 0.9994
usemtl Material.034
s off
f 273/471/199 277/472/199 279/473/199 275/474/199
f 276/475/200 275/474/200 279/476/200 280/477/200
f 280/478/201 279/479/201 277/480/201 278/481/201
f 278/482/202 274/483/202 276/475/202 280/484/202
f 274/483/203 273/471/203 275/474/203 276/475/203
f 278/481/204 277/480/204 273/471/204 274/483/204
o Feet.070_Cube.035
v -6.764120 1.047712 6.704324
v -6.764120 -0.004481 6.704324
v -6.758856 1.047712 6.552432
v -6.758856 -0.004481 6.552432
v -6.612228 1.047712 6.709588
v -6.612228 -0.004481 6.709588
v -6.606964 1.047712 6.557695
v -6.606964 -0.004481 6.557695
vt 0.625000 0.500000
vt 0.875000 0.500000
vt 0.875000 0.750000
vt 0.625000 0.750000
vt 0.375000 0.750000
vt 0.625000 1.000000
vt 0.375000 1.000000
vt 0.375000 0.000000
vt 0.625000 0.000000
vt 0.625000 0.250000
vt 0.375000 0.250000
vt 0.125000 0.500000
vt 0.375000 0.500000
vt 0.125000 0.750000
vn 0.0000 1.0000 0.0000
vn 0.0346 0.0000 -0.9994
vn 0.9994 0.0000 0.0346
vn 0.0000 -1.0000 0.0000
vn -0.9994 0.0000 -0.0346
vn -0.0346 0.0000 0.9994
usemtl Material.035
s off
f 281/485/205 285/486/205 287/487/205 283/488/205
f 284/489/206 283/488/206 287/490/206 288/491/206
f 288/492/207 287/493/207 285/494/207 286/495/207
f 286/496/208 282/497/208 284/489/208 288/498/208
f 282/497/209 281/485/209 283/488/209 284/489/209
f 286/495/210 285/494/210 281/485/210 282/497/210
o Feet.071_Cube.036
v -7.416668 1.047712 6.681710
v -7.416668 -0.004481 6.681710
v -7.411404 1.047712 6.529818
v -7.411404 -0.004481 6.529818
v -7.264776 1.047712 6.686974
v -7.264776 -0.004481 6.686974
v -7.259512 1.047712 6.535081
v -7.259512 -0.004481 6.535081
vt 0.625000 0.500000
vt 0.875000 0.500000
vt 0.875000 0.750000
vt 0.625000 0.750000
vt 0.375000 0.750000
vt 0.625000 1.000000
vt 0.375000 1.000000
vt 0.375000 0.000000
vt 0.625000 0.000000
vt 0.625000 0.250000
vt 0.375000 0.250000
vt 0.125000 0.500000
vt 0.375000 0.500000
vt 0.125000 0.750000
vn 0.0000 1.0000 0.0000
vn 0.0346 0.0000 -0.9994
vn 0.9994 0.0000 0.0346
vn 0.0000 -1.0000 0.0000
vn -0.9994 0.0000 -0.0346
vn -0.0346 0.0000 0.9994
usemtl Material.036
s off
f 289/499/211 293/500/211 295/501/211 291/502/211
f 292/503/212 291/502/212 295/504/212 296/505/212
f 296/506/213 295/507/213 293/508/213 294/509/213
f 294/510/214 290/511/214 292/503/214 296/512/214
f 290/511/215 289/499/215 291/502/215 292/503/215
f 294/509/216 293/508/216 289/499/216 290/511/216
o Feet.072_Cube.037
v -7.392673 1.047712 5.989328
v -7.392673 -0.004481 5.989328
v -7.387410 1.047712 5.837436
v -7.387410 -0.004481 5.837436
v -7.240781 1.047712 5.994592
v -7.240781 -0.004481 5.994592
v -7.235518 1.047712 5.842700
v -7.235518 -0.004481 5.842700
vt 0.625000 0.500000
vt 0.875000 0.500000
vt 0.875000 0.750000
vt 0.625000 0.750000
vt 0.375000 0.750000
vt 0.625000 1.000000
vt 0.375000 1.000000
vt 0.375000 0.000000
vt 0.625000 0.000000
vt 0.625000 0.250000
vt 0.375000 0.250000
vt 0.125000 0.500000
vt 0.375000 0.500000
vt 0.125000 0.750000
vn 0.0000 1.0000 0.0000
vn 0.0346 0.0000 -0.9994
vn 0.9994 0.0000 0.0346
vn 0.0000 -1.0000 0.0000
vn -0.9994 0.0000 -0.0346
vn -0.0346 0.0000 0.9994
usemtl Material.037
s off
f 297/513/217 301/514/217 303/515/217 299/516/217
f 300/517/218 299/516/218 303/518/218 304/519/218
f 304/520/219 303/521/219 301/522/219 302/523/219
f 302/524/220 298/525/220 300/517/220 304/526/220
f 298/525/221 297/513/221 299/516/221 300/517/221
f 302/523/222 301/522/222 297/513/222 298/525/222
o SitZone.017_Cube.033
v -7.415223 1.063602 6.671868
v -7.415223 0.958383 6.671868
v -7.386475 1.063602 5.842302
v -7.386475 0.958383 5.842302
v -6.620709 1.063602 6.699402
v -6.620709 0.958383 6.699402
v -6.591961 1.063602 5.869836
v -6.591961 0.958383 5.869836
vt 0.625000 0.500000
vt 0.875000 0.500000
vt 0.875000 0.750000
vt 0.625000 0.750000
vt 0.375000 0.750000
vt 0.625000 1.000000
vt 0.375000 1.000000
vt 0.375000 0.000000
vt 0.625000 0.000000
vt 0.625000 0.250000
vt 0.375000 0.250000
vt 0.125000 0.500000
vt 0.375000 0.500000
vt 0.125000 0.750000
vn 0.0000 1.0000 0.0000
vn 0.0346 0.0000 -0.9994
vn 0.9994 0.0000 0.0346
vn 0.0000 -1.0000 0.0000
vn -0.9994 0.0000 -0.0346
vn -0.0346 0.0000 0.9994
usemtl Material.033
s off
f 305/527/223 309/528/223 311/529/223 307/530/223
f 308/531/224 307/530/224 311/532/224 312/533/224
f 312/534/225 311/535/225 309/536/225 310/537/225
f 310/538/226 306/539/226 308/531/226 312/540/226
f 306/539/227 305/527/227 307/530/227 308/531/227
f 310/537/228 309/536/228 305/527/228 306/539/228
o BackZone.018_Cube.069
v -7.410625 2.261540 -0.773233
v -7.410625 0.987217 -0.773233
v -7.381876 2.261540 -1.602798
v -7.381876 0.987217 -1.602798
v -7.317152 2.261540 -0.769993
v -7.317152 0.987217 -0.769993
v -7.288404 2.261540 -1.599559
v -7.288404 0.987217 -1.599559
vt 0.625000 0.500000
vt 0.875000 0.500000
vt 0.875000 0.750000
vt 0.625000 0.750000
vt 0.375000 0.750000
vt 0.625000 1.000000
vt 0.375000 1.000000
vt 0.375000 0.000000
vt 0.625000 0.000000
vt 0.625000 0.250000
vt 0.375000 0.250000
vt 0.125000 0.500000
vt 0.375000 0.500000
vt 0.125000 0.750000
vn 0.0000 1.0000 0.0000
vn 0.0346 0.0000 -0.9994
vn 0.9994 0.0000 0.0346
vn 0.0000 -1.0000 0.0000
vn -0.9994 0.0000 -0.0346
vn -0.0346 0.0000 0.9994
usemtl Material.069
s off
f 313/541/229 317/542/229 319/543/229 315/544/229
f 316/545/230 315/544/230 319/546/230 320/547/230
f 320/548/231 319/549/231 317/550/231 318/551/231
